1271829.78094
1271829.78094
1271829.82896
1271830.72673
1271831.791
1271831.79092
1255296.66296
1255278.62008
1250953.90969
1255240.18692
1255269.80335
1258420.27679
1257827.76606
1252132.78704
1261893.47317
1260248.34465
1257944.98664
1263469.59755
1262373.38353
1260670.79977
1262601.19964
1263178.06849
1263066.08969
1265084.38036
1268344.40727
1267385.12095
1266297.04635
1270650.56534
1269425.68459
1268272.83585
1271204.53337
1270581.9744
1269679.43326
1273294.99905
1272481.51174
1271402.87078
1272647.52128
1276376.10629
1275323.0334
1279678.72948
1278053.57768
1281477.27446
1279590.45107
1279020.72633
1282583.3139
1280557.09845
1279420.9289
1279767.89012
1279486.8474
1279440.39919
1284228.47753
1282139.54843
1280959.97227
1285534.49576
1283180.07805
1282380.50414
1286254.02253
1284412.47712
1283678.96987
1287395.29341
1285700.79455
1284815.77075
1288295.47431
1286767.22311
1285949.36084
1288808.85985
1287747.31923
1287070.46506
1288200.47068
1289091.53012
1289575.21005
1289267.00857
1290024.79635
1290444.8262
1290216.80417
1290739.67368
1291199.9856
1291024.7835
1292588.95524
1292046.93273
1291804.80921
1293338.12954
1292936.04031
1294647.28896
1293885.09327
1293630.32936
1295164.23175
1294463.19493
1294257.08494
1295032.85624
1295025.64322
1294800.2059
1295634.31697
1295643.01686
1295319.27701
1295550.66689
1296340.48239
1295850.82245
1296342.92904
1296746.702
1296691.37854
1296945.82704
1297042.87449
1297551.3627
1297486.88997
1297374.1575
1298116.48584
1297891.09092
1298501.20196
1298427.33804
1298299.67065
1298945.3094
1298843.25469
1298722.80182
1295619.47646
1299312.48624
1299131.41259
1299637.58176
1299673.26731
1298611.49175
1300038.35424
1299981.6616
1300262.95785
1300460.98507
1300921.816
1301329.1375
1301670.99484
1301636.61989
1301594.017
1301946.9955
1301758.7686
1302117.81828
1302346.76301
1302740.15686
1302888.04275
1302926.23509
1303111.63844
1303098.18545
1303266.35112
1303345.53099
1300971.18959
1303387.75095
1303523.22929
1303747.21994
1303798.0821
1303840.7153
1303929.20083
1303987.37811
1304044.71822
1304114.51404
1304189.26988
1304293.71826
1304267.97957
1304330.42253
1304371.64241
1304598.66458
1304537.69995
1303780.06588
1304672.80884
1304657.77126
1304844.21513
1304285.95577
1304982.1172
1305105.08481
1305109.15977
1304894.27883
1305207.91675
1305324.76008
1305324.01877
1305243.12842
1305422.73179
1305450.55933
1305536.60048
1305546.01051
1305639.16128
1305735.83991
1305851.46924
1305937.61815
1305972.86125
1306004.26863
1306087.2617
1306141.28793
1306177.52629
1306242.83706
1306304.76747
1306316.1267
1306447.52172
1306465.16683
1306517.99578
1306518.99691
1306599.15735
1306643.99055
1306702.06925
1306634.82132
1306742.3533
1306805.01901
1306832.1197
1306863.15146
1306902.49825
1306896.48544
1306967.69897
1306940.40343
1303586.20883
1306606.90313
1306986.06541
1306948.85624
1307008.88774
1307037.32215
1307044.13159
1307089.63908
1307086.25428
1307122.93308
1307160.06644
1307155.04775
1307196.0218
1307209.21336
1307224.57189
1307247.45077
1307267.48037
1307272.97766
1307299.00991
1307301.33619
1307319.92371
1307328.42327
1307363.27231
1307390.47769
1307394.29044
1307404.94005
1307420.82723
1307447.7935
1307488.71421
1307514.47063
1307532.85786
1307552.02245
1307572.10975
1307601.34659
1307642.30199
1307445.73683
1307652.30806
1307680.31311
1307585.92277
1307684.41108
1307704.97129
1307738.4685
1307717.73029
1307255.5316
1307720.45248
1307718.19423
1307717.75232
1307717.80167
1307717.76625
1307756.28549
1307762.44174
1307824.42589
1307881.73374
1307909.12847
1307937.32313
1307969.47015
1307988.09829
1308007.45864
1308036.12128
1308054.37763
1308066.16112
1308078.21779
1308093.2718
1308103.37544
1308111.4909
1308115.78895
1308121.44246
1308131.3769
1308143.97694
1308163.07782
1308191.1026
1308235.14316
1308235.79319
1308278.67122
1308249.40997
1308304.02347
1308268.60859
1308236.57083
1308301.77581
1308311.87867
1308324.60941
1308340.71722
1308348.57412
1308362.11703
1308369.20697
1308378.21779
1308391.44733
1308399.71789
1308402.63587
1308405.33733
1308414.14744
1308428.76082
1308442.94133
1308449.44149
1308454.80412
1308461.06618
1308467.16042
1308472.16096
1308492.60416
1308480.87558
1308489.54463
1307686.52371
1308538.10538
1308522.29002
1308520.62616
1308516.75876
1308489.54148
1303364.18375
1307970.41806
1308537.56281
1308522.47938
1306308.79754
1308251.33046
1308531.28692
1308527.41316
1308546.22351
1308600.75347
1308596.59029
1308586.96841
1308646.23662
1308636.25763
1308670.84039
1308714.24195
1308745.07346
1308763.07043
1308759.39801
1308825.95118
1308860.44762
1308879.08945
1308925.72034
1308941.66389
1308916.21984
1308980.18507
1308999.02273
1309016.81503
1309023.78913
1309038.39314
1309054.67477
1309087.64304
1309108.49843
1309139.66868
1309138.71766
1309164.38265
1309173.13814
1309180.80884
1309214.19542
1309233.3866
1309300.59785
1309300.33115
1309324.64012
1309395.41837
1309251.62011
1309431.22486
1309459.661
1309481.69497
1309487.25439
1309500.14592
1309504.53453
1309506.78634
1309515.07757
1309477.69421
1309528.05855
1309525.96053
1309539.79776
1309539.34962
1309499.04502
1309557.30768
1309553.84603
1309576.33052
1309608.33383
1309609.90896
1309645.51241
1309629.10736
1309668.13852
1309701.85575
1309719.33166
1309735.03156
1309742.14131
1309746.5661
1309754.51269
1309761.84984
1309764.11533
1309766.90086
1309769.1743
1309773.64145
1309215.0367
1309745.71926
1309777.7025
1309786.08174
1309798.67875
1309803.31053
1309812.55132
1309825.68665
1309666.57077
1309832.88738
1309836.83569
1309849.28486
1309855.22065
1309858.42927
1309861.01631
1309864.42516
1309867.44614
1309870.86157
1309871.29221
1309873.59585
1309873.09829
1309874.19517
1309876.45863
1309877.75552
1309879.09805
1309880.28544
1309880.28456
1309880.88138
1309881.33384
1309882.35217
1309883.07858
1309884.25864
1309884.88929
1309886.18487
1309887.07993
1309888.01267
1309888.40247
1309889.91695
1309889.34457
1309890.06532
1309889.97333
1309890.64235
1309890.86928
1309891.5343
1309891.14744
1309891.38589
1309891.56523
1309891.69376
1309891.90859
1309891.8312
1309891.86243
1309891.86243
