1304158.92746
1304158.92746
1304158.9757
1304277.62251
1304394.50613
1306799.56784
1308194.25379
1306795.31955
1312167.39989
1306432.45801
1312109.39051
1312701.53514
1312258.59709
1312112.36458
1312084.06828
1312706.29877
1312112.38167
1312114.97995
1312133.04705
1312373.12049
1312261.44066
1312217.07174
1313418.45689
1312654.03439
1312396.1124
1313404.60625
1312780.65464
1312878.9138
1313092.16981
1313219.00848
1312962.92003
1312949.44467
1312926.03373
1312904.89068
1312830.11683
1311239.90791
1312465.35795
1312905.02397
1312912.34734
1312965.19733
1311127.14908
1312339.40448
1313274.60709
1312999.39833
1313059.54401
1313072.16372
1313296.52777
1313218.63637
1313133.87303
1312415.02386
1313327.61554
1313559.10887
1313982.8979
1314665.16743
1312325.71803
1315216.52583
1314925.76935
1314670.84864
1309639.26732
1315490.35799
1315345.02254
1310556.59652
1315124.36832
1315569.04973
1310198.68866
1314578.37873
1315573.74309
1314594.09418
1315576.14628
1315585.06893
1315583.56771
1314895.60187
1315584.34697
1315528.00348
1315592.54457
1315549.00086
1315595.58621
1315596.13141
1315604.61679
1315613.22661
1315655.60705
1315700.15425
1315790.84133
1315839.22847
1316011.08514
1315951.02888
1315839.22847
1316032.51673
1316017.84823
1316087.23913
1316107.91018
1316076.99768
1316140.71315
1316206.33382
1316356.82814
1316372.02491
1316300.44361
1316386.126
1316388.53272
1316398.59884
1316402.12256
1316402.7612
1316402.79894
1316402.80685
1316402.82594
1316402.86794
1316402.94775
1316403.06779
1316403.19329
1316403.58537
1316404.26244
1316406.59886
1316404.26392
1316220.06358
1316349.93119
1316407.40037
1316407.19363
1316410.05158
1316409.17758
1316407.75919
1316410.22056
1316410.08785
1316410.08785
